100 100
0110110011011111001110000110010010000111111001100001011101101000001011001101100111011111100111101110
1 43 83
3 60 82
3 4 30
2 92 100
2 6 91
2 30 33
1 17 46
1 69 97
1 90 100
3 8 69
3 17 26
2 2 86
1 21 98
3 27 57
2 16 96
1 28 61
3 13 82
2 28 97
2 3 48
2 21 55
2 1 43
2 21 47
2 57 71
2 39 47
3 4 26
3 9 13
1 28 43
2 30 72
2 56 83
3 5 64
3 71 82
1 37 45
2 5 86
2 62 98
3 71 81
1 30 35
2 21 61
1 22 27
3 41 84
2 42 84
3 32 54
1 42 75
1 10 80
1 49 66
2 3 47
3 54 56
3 45 80
2 25 35
3 65 76
2 20 77
2 87 99
1 13 39
3 18 56
2 36 63
3 48 74
2 66 94
1 2 93
2 75 92
2 23 23
2 33 51
2 75 79
2 15 59
3 44 95
1 35 55
2 24 45
3 56 86
3 25 70
2 23 39
1 16 20
1 4 26
3 36 40
3 75 78
3 55 94
2 24 83
1 39 95
2 64 76
3 53 77
1 17 65
1 30 62
2 21 86
2 6 49
2 28 89
1 25 56
3 2 77
3 1 15
1 25 75
3 16 69
2 44 82
1 6 97
1 67 82
3 17 65
2 10 13
1 3 53
2 13 18
2 65 96
1 2 17
3 37 71
2 73 76
2 96 99
3 5 51
